{house_pos=Vector3.new(0,4000,-6000),furniture={["f-2103"]={hash=2,colors={Color3.new(0.63921570777893,0.63529413938522,0.64705884456635)},was_free=false,id="beam_v3_plain",cframe=CFrame.new(9.4192972183228,25.480447769165,-73.068962097168,-0.11881542205811,0.35576847195625,0.92699062824249,0.11955101042986,0.93193787336349,-0.34234392642975,-0.98569285869598,0.070146933197975,-0.15326106548309),no_value=true,scale=0.07},["f-3761"]={hash=2,colors={Color3.new(0.43529412150383,0.52156865596771,0.43921568989754),Color3.new(0.43529412150383,0.52156865596771,0.43921568989754),Color3.new(0.43529412150383,0.52156865596771,0.43921568989754),Color3.new(0.43529412150383,0.52156865596771,0.43921568989754),Color3.new(0.43529412150383,0.52156865596771,0.43921568989754)},was_free=false,id="queenslander_rubber_tree",cframe=CFrame.new(6.925952911377,19.53833770752,-81.645050048828,0.41949808597565,-0.11787422001362,0.9000706076622,0.54460793733597,0.82594513893127,-0.14566007256508,-0.72623938322067,0.55128967761993,0.41067761182785),no_value=true,scale=0.09},["f-3074"]={hash=2,colors={Color3.new(0.85490196943283,0.71764707565308,0.80784314870834),Color3.new(0.86666667461395,0.73333334922791,0.81960785388947),Color3.new(0.86666667461395,0.73333334922791,0.81960785388947),Color3.new(0.86666667461395,0.73333334922791,0.81960785388947)},was_free=false,id="smallstylishtree",cframe=CFrame.new(61.345859527588,17.401008605957,-9.0196399688721,-0.74544608592987,0.35944738984108,-0.56134456396103,0.32990893721581,-0.53280568122864,-0.77928060293198,-0.5791979432106,-0.76610428094864,0.2785929441452),no_value=true,scale=0.2},["f-244"]={hash=2,colors={Color3.new(0.55294120311737,0.54509806632996,0.54509806632996)},was_free=false,id="floor_long1_wood",cframe=CFrame.new(17.397214889526,15.263726234436,-88.587448120117,0,1,0,1,0,0,0,0,-1),no_value=true,scale=0.3},["f-1879"]={hash=2,colors={Color3.new(0.4705882370472,0.50588238239288,0.4745098054409),Color3.new(0.4705882370472,0.50588238239288,0.4745098054409)},was_free=false,id="demisexual_flag",cframe=CFrame.new(21.431943893433,21.115833282471,-61.38330078125,0,0,-1,-1,0,0,0,1,0),no_value=true,scale=0.27},["f-3666"]={hash=2,colors={Color3.new(0.49019607901573,0.46666666865349,0.45098039507866),Color3.new(0.54509806632996,0.50980395078659,0.48627451062202),Color3.new(0.47843137383461,0.50588238239288,0.53333336114883),Color3.new(0.56470590829849,0.65490198135376,0.57254904508591),Color3.new(0.60784316062927,0.5686274766922,0.54901963472366),Color3.new(0.53725492954254,0.48627451062202,0.46666666865349),Color3.new(0.63921570777893,0.63529413938522,0.64705884456635),Color3.new(0.678431391716,0.65490198135376,0.60392159223557)},was_free=false,id="school_refresh_2023_bookshelf",cframe=CFrame.new(12,29.04296875,-62.299999237061,-1,0,0,0,1,0,0,0,-1),no_value=true,scale=1.18},["f-1983"]={hash=2,colors={Color3.new(0.42745098471642,0.38039216399193,0.37647059559822)},was_free=false,id="beam_v1_plain",cframe=CFrame.new(7.828125,24.42936706543,-60.6767578125,0,-1,0,1,0,-0,0,0,1),no_value=true,scale=0.09},["f-1535"]={hash=2,colors={Color3.new(0.58039218187332,0.52941179275513,0.4745098054409)},was_free=false,id="rectangular_prism_half_brick",cframe=CFrame.new(41.649993896484,15.434326171875,-54.72216796875,0,0,-1,-1,0,0,0,1,0),no_value=true,scale=0.24},["f-898"]={hash=2,colors={Color3.new(0.64313727617264,0.61960786581039,0.61960786581039)},was_free=false,id="trim_v1_top_plain",cframe=CFrame.new(7.935546875,14.01904296875,-89.92529296875,0,1,-0,-1,0,0,0,0,1),no_value=true,scale=0.4},["f-140"]={hash=2,colors={Color3.new(0.35686275362968,0.3647058904171,0.41176471114159),Color3.new(0.90588235855103,0.90588235855103,0.92549020051956)},was_free=false,id="largecandlestick",cframe=CFrame.new(24.7001953125,29.298095703125,-88.5,0.99618428945541,-0,-0.087274521589279,0,1,-0,0.087274521589279,0,0.99618428945541),no_value=true,scale=0.66},["f-3564"]={hash=2,colors={Color3.new(0.52156865596771,0.54901963472366,0.52156865596771)},was_free=false,id="smallplate",cframe=CFrame.new(66.68244934082,23.641708374023,-14.632035255432,0.79861634969711,0,0.60184049606323,0,1,0,-0.60184049606323,0,0.79861634969711),no_value=true,scale=1.38},["f-3970"]={hash=2,colors={Color3.new(0.52156865596771,0.54901963472366,0.52156865596771)},was_free=false,id="smallplate",cframe=CFrame.new(65.801696777344,23.145822525024,-12.554206848145,-0.57537364959717,-0.194206148386,0.79449927806854,-0.78507030010223,0.40355694293976,-0.46990039944649,-0.22936818003654,-0.89410614967346,-0.38466155529022),no_value=true,scale=1.38},["f-2243"]={hash=3,no_value=true,colors={Color3.new(0.10588235408068,0.16470588743687,0.20784313976765)},was_free=false,id="cinemascreen",cframe=CFrame.new(3.5579609870911,37.5,-61.340366363525,-1,0,-0,0,0,-1,0,-1,-0),on=false,scale=0.41},["f-1675"]={hash=2,colors={Color3.new(0.52156865596771,0.54901963472366,0.52156865596771),Color3.new(0.52156865596771,0.54901963472366,0.52156865596771),Color3.new(0.52156865596771,0.54901963472366,0.52156865596771),Color3.new(0.52156865596771,0.54901963472366,0.52156865596771),Color3.new(0.52156865596771,0.54901963472366,0.52156865596771)},was_free=false,id="queenslander_rubber_tree",cframe=CFrame.new(42.447414398193,14.01461315155,-37.639556884766,0.36556547880173,0.81592762470245,0.44791078567505,0.0072953999042511,0.47869145870209,-0.87795281410217,-0.93075704574585,0.32421693205833,0.16904056072235),no_value=true,scale=0.37},["f-2079"]={hash=2,colors={Color3.new(0.74901962280273,0.678431391716,0.64313727617264)},was_free=false,id="rectangular_prism_half_brick",cframe=CFrame.new(14.821999549866,17.696123123169,-60.921142578125,0,0,-1,-1,0,0,0,1,0),no_value=true,scale=0.23},["f-3027"]={hash=2,colors={Color3.new(0.85490196943283,0.80000001192093,0.74509805440903)},was_free=false,id="wall_tall_plain",cframe=CFrame.new(33.492431640625,3.7376790046692,-53.341552734375,-1,0,0,0,1,0,0,0,-1),no_value=true,scale=0.6},["f-2060"]={hash=2,colors={Color3.new(0.85490196943283,0.80000001192093,0.74509805440903)},was_free=false,id="wall_tall_plain",cframe=CFrame.new(8.53173828125,9.09228515625,-74.273254394531,0,0,1,0,1,-0,-1,0,0),no_value=true,scale=1},["f-2413"]={hash=2,colors={Color3.new(0.42745098471642,0.38039216399193,0.37647059559822)},was_free=false,id="beam_v1_plain",cframe=CFrame.new(41.309600830078,22.908697128296,-54.824844360352,-6.6757202148438e-06,-0.99999684095383,-0.0025636251084507,-0.99999684095383,-1.1920928955078e-07,0.0025636334903538,-0.0025636251084507,0.0025636334903538,-0.99999368190765),no_value=true,scale=0.15},["f-2783"]={hash=2,colors={Color3.new(0.64705884456635,0.70196080207825,0.64705884456635)},was_free=false,id="mound",cframe=CFrame.new(17.429908752441,13.765625,-3.0400400161743,0,0,-1,0,1,0,1,0,0),no_value=true,scale=0.25},["f-2895"]={hash=2,colors={Color3.new(0.64313727617264,0.61960786581039,0.61960786581039)},was_free=false,id="trim_v1_top_plain",cframe=CFrame.new(39.90625,29.803955078125,-89.296997070312,0,-1,-0,-1,0,-0,0,0,-1),no_value=true,scale=0.4},["f-3226"]={hash=2,colors={Color3.new(0.46274510025978,0.49803921580315,0.46274510025978)},was_free=false,id="smallplate",cframe=CFrame.new(65.858306884766,25.606285095215,-7.6746640205383,0.023857653141022,-0.81470537185669,0.57938408851624,0.011452466249466,-0.57928824424744,-0.81504219770432,0.9996497631073,0.026080369949341,-0.0044900178909302),no_value=true,scale=1.38},["f-2917"]={hash=2,colors={Color3.new(0.52156865596771,0.54901963472366,0.52156865596771)},was_free=false,id="smallplate",cframe=CFrame.new(66.921173095703,24.687023162842,-12.459904670715,-0.1226704120636,-0.56553882360458,0.81554770469666,-0.864974796772,-0.34197664260864,-0.36724752187729,0.48659089207649,-0.7504785656929,-0.44722652435303),no_value=true,scale=1.38},["f-3055"]={hash=2,colors={Color3.new(0.70980393886566,0.678431391716,0.64705884456635)},was_free=false,id="rectangular_prism_half_brick",cframe=CFrame.new(1.2920000553131,14.135009765625,-60.921142578125,0,0,-1,-1,0,0,0,1,0),no_value=true,scale=0.23},["f-1540"]={hash=2,colors={Color3.new(0.58039218187332,0.52941179275513,0.4745098054409)},was_free=false,id="rectangular_prism_half_brick",cframe=CFrame.new(39.130004882812,46.84619140625,-55.220314025879,0,0,-1,-1,0,0,0,1,0),no_value=true,scale=0.28},["f-635"]={hash=2,colors={Color3.new(0.77254903316498,0.82745099067688,0.85882353782654)},was_free=false,id="smallbottle",cframe=CFrame.new(22.64453125,16.830810546875,-91.098091125488,1,0,0,0,1,0,0,0,1),no_value=true,scale=0.33},["f-1044"]={hash=2,colors={Color3.new(0.52156865596771,0.54901963472366,0.52156865596771),Color3.new(0.52156865596771,0.54901963472366,0.52156865596771),Color3.new(0.52156865596771,0.54901963472366,0.52156865596771),Color3.new(0.52156865596771,0.54901963472366,0.52156865596771),Color3.new(0.52156865596771,0.54901963472366,0.52156865596771)},was_free=false,id="queenslander_rubber_tree",cframe=CFrame.new(45.122211456299,14.651385307312,-52.46170425415,-0.73743462562561,-0.39412739872932,-0.5485013127327,-0.65770399570465,0.60379964113235,0.45039039850235,0.15367369353771,0.69288498163223,-0.70448184013367),no_value=true,scale=0.35},["f-159"]={hash=2,colors={Color3.new(0.61568629741669,0.55294120311737,0.55294120311737),Color3.new(0.63921570777893,0.52549022436142,0.43921568989754),Color3.new(0.78823530673981,0.75686275959015,0.68627452850342)},was_free=false,id="winter_2024_candle",cframe=CFrame.new(6.0646967887878,17.93729019165,-86.64306640625,-0.258864402771,0,0.96591371297836,0,1,0,-0.96591371297836,0,-0.258864402771),no_value=true,scale=0.15},["f-3465"]={hash=2,colors={Color3.new(0.42745098471642,0.38039216399193,0.37647059559822)},was_free=false,id="beam_v1_plain",cframe=CFrame.new(41.165512084961,20.802495956421,-54.82421875,-4.7683715820312e-06,-0.99999350309372,-0.003601286560297,-0.99999970197678,1.9669532775879e-06,0.00079351023305207,-0.0007934981258586,0.0036012893542647,-0.99999308586121),no_value=true,scale=0.15},["f-1297"]={hash=2,colors={Color3.new(0.4705882370472,0.50588238239288,0.4745098054409),Color3.new(0.4705882370472,0.50588238239288,0.4745098054409)},was_free=false,id="demisexual_flag",cframe=CFrame.new(16.735942840576,19.296873092651,-61.348388671875,0,0,-1,-1,0,0,0,1,0),no_value=true,scale=0.27},["f-2076"]={hash=2,colors={Color3.new(0.42745098471642,0.38039216399193,0.37647059559822)},was_free=false,id="beam_v1_plain",cframe=CFrame.new(41.6025390625,23.743661880493,-54.8251953125,-0.99998950958252,0,-0.0045750546269119,0,1,0,0.0045750546269119,0,-0.99998950958252),no_value=true,scale=0.15},["f-899"]={hash=2,colors={Color3.new(0.64705884456635,0.70196080207825,0.64705884456635)},was_free=false,id="mound",cframe=CFrame.new(41.214672088623,13.747275352478,-46.703323364258,0.49995946884155,0,0.86604881286621,0,1,0,-0.86604881286621,0,0.49995946884155),no_value=true,scale=0.31},["f-3146"]={hash=2,colors={Color3.new(0.64705884456635,0.70196080207825,0.64705884456635)},was_free=false,id="mound",cframe=CFrame.new(27.012405395508,13.63720703125,-41.602104187012,0.25875926017761,0,0.9659418463707,0,1,0,-0.9659418463707,0,0.25875926017761),no_value=true,scale=0.25},["f-3851"]={hash=2,colors={Color3.new(0.52156865596771,0.54901963472366,0.52156865596771),Color3.new(0.52156865596771,0.54901963472366,0.52156865596771),Color3.new(0.52156865596771,0.54901963472366,0.52156865596771),Color3.new(0.52156865596771,0.54901963472366,0.52156865596771),Color3.new(0.52156865596771,0.54901963472366,0.52156865596771)},was_free=false,id="queenslander_rubber_tree",cframe=CFrame.new(41.495246887207,13.518003463745,-38.1379737854,0.12834441661835,0.014338999986649,0.99162596464157,0.96701395511627,0.22002893686295,-0.12834054231644,-0.22002667188644,0.9753879904747,0.014373481273651),no_value=true,scale=0.54},["f-2972"]={hash=2,colors={Color3.new(0.42745098471642,0.38039216399193,0.37647059559822)},was_free=false,id="beam_v1_brick",cframe=CFrame.new(12.151123046875,23.574783325195,-87.20133972168,1,0,0,0,1,0,0,0,1),no_value=true,scale=0.54},["f-2365"]={hash=2,colors={Color3.new(0.46274510025978,0.49803921580315,0.46274510025978)},was_free=false,id="mound",cframe=CFrame.new(17.491851806641,18.776609420776,-27.685306549072,-0.10559916496277,0.034831993281841,-0.99379861354828,-0.065599486231804,0.9969654083252,0.041913457214832,0.99224269390106,0.069618694484234,-0.10299372673035),no_value=true,scale=0.08},["f-3366"]={hash=2,colors={Color3.new(0.90196079015732,0.8941176533699,0.86666667461395),Color3.new(0.90196079015732,0.8941176533699,0.86666667461395),Color3.new(0.90196079015732,0.8941176533699,0.86666667461395),Color3.new(0.90196079015732,0.8941176533699,0.86666667461395)},was_free=false,id="smallstylishtree",cframe=CFrame.new(56.177352905273,17.596130371094,-9.0896425247192,-0.5996572971344,0.80025625228882,0.0011197924613953,0.52989900112152,0.39811784029007,-0.74880522489548,-0.5996817946434,-0.44843310117722,-0.6627893447876),no_value=true,scale=0.2},["f-2764"]={hash=2,colors={Color3.new(0.57647061347961,0.6235294342041,0.57647061347961),Color3.new(0.57647061347961,0.6235294342041,0.57647061347961),Color3.new(0.57647061347961,0.6235294342041,0.57647061347961),Color3.new(0.57647061347961,0.6235294342041,0.57647061347961),Color3.new(0.57647061347961,0.6235294342041,0.57647061347961)},was_free=false,id="queenslander_rubber_tree",cframe=CFrame.new(37.66482925415,22.781911849976,-84.914337158203,-0.57908153533936,0,-0.81526958942413,0,1,0,0.81526958942413,0,-0.57908153533936),no_value=true,scale=0.09},["f-1859"]={hash=2,colors={Color3.new(0.70980393886566,0.678431391716,0.64705884456635)},was_free=false,id="rectangular_prism_half_brick",cframe=CFrame.new(-2.2869999408722,25.731397628784,-60.824462890625,0,0,-1,-1,0,0,0,1,0),no_value=true,scale=0.21},["f-2287"]={hash=2,colors={Color3.new(0.46274510025978,0.49803921580315,0.46274510025978),Color3.new(0.46274510025978,0.49803921580315,0.46274510025978),Color3.new(0.46274510025978,0.49803921580315,0.46274510025978),Color3.new(0.46274510025978,0.49803921580315,0.46274510025978),Color3.new(0.46274510025978,0.49803921580315,0.46274510025978)},was_free=false,id="queenslander_rubber_tree",cframe=CFrame.new(17.121740341187,17.350799560547,-27.376922607422,-0.41299867630005,0,0.91073161363602,0,1,0,-0.91073161363602,0,-0.41299867630005),no_value=true,scale=0.15},["f-1172"]={hash=2,colors={Color3.new(0.42745098471642,0.38039216399193,0.37647059559822)},was_free=false,id="wall_double_plain",cframe=CFrame.new(6.1093759536743,57.685600280762,-62.269268035889,-7.2121620178223e-05,0.62889188528061,0.77749288082123,-9.0181827545166e-05,-0.77749300003052,0.62889188528061,1.0000001192093,-2.4855136871338e-05,0.00011259317398071),no_value=true,scale=0.37},["f-1934"]={hash=2,colors={Color3.new(0.78823530673981,0.69803923368454,0.76470589637756)},was_free=false,id="torus_v3_plain",cframe=CFrame.new(27.691387176514,13.74560546875,-62.786376953125,1,0,0,0,1,0,0,0,1),no_value=true,scale=0.12},["f-3265"]={hash=2,colors={Color3.new(0.90196079015732,0.8941176533699,0.86666667461395),Color3.new(0.90196079015732,0.8941176533699,0.86666667461395),Color3.new(0.90196079015732,0.8941176533699,0.86666667461395),Color3.new(0.90196079015732,0.8941176533699,0.86666667461395)},was_free=false,id="smallstylishtree",cframe=CFrame.new(15.778790473938,19.809936523438,-44.169631958008,-0.38862383365631,-0.10450521111488,0.91545081138611,-0.040846157819033,0.99452435970306,0.09619215130806,-0.92049074172974,-1.0088086128235e-05,-0.39076447486877),no_value=true,scale=0.25},["f-1266"]={hash=2,colors={Color3.new(0.90196079015732,0.90196079015732,0.90196079015732)},was_free=false,id="rectangular_prism_half_wood",cframe=CFrame.new(11.370317459106,26.66015625,-89.560348510742,0.98482757806778,0,0.17353580892086,0,1,0,-0.17353580892086,0,0.98482757806778),no_value=true,scale=0.43},["f-1292"]={hash=2,colors={Color3.new(0.70980393886566,0.678431391716,0.64705884456635)},was_free=false,id="rectangular_prism_half_brick",cframe=CFrame.new(7.6609997749329,35.531944274902,-60.93310546875,0,0,-1,-1,0,0,0,1,0),no_value=true,scale=0.23},["f-1735"]={hash=2,colors={Color3.new(0.52156865596771,0.54901963472366,0.52156865596771),Color3.new(0.52156865596771,0.54901963472366,0.52156865596771),Color3.new(0.52156865596771,0.54901963472366,0.52156865596771),Color3.new(0.52156865596771,0.54901963472366,0.52156865596771),Color3.new(0.52156865596771,0.54901963472366,0.52156865596771),Color3.new(0.52156865596771,0.54901963472366,0.52156865596771)},was_free=false,id="reclaimed_2023_planter",cframe=CFrame.new(20.547821044922,12.036376953125,-57.979915618896,0.70713424682617,0,0.70707929134369,0,1,0,-0.70707929134369,0,0.70713424682617),no_value=true,scale=0.59},["f-2523"]={hash=2,colors={Color3.new(0.90196079015732,0.90196079015732,0.90196079015732)},was_free=false,id="floor_double_wood",cframe=CFrame.new(19.96875,29.01806640625,-89.241111755371,1,0,0,0,1,0,0,0,1),no_value=true,scale=0.41},["f-165"]={hash=2,colors={Color3.new(0.42745098471642,0.38039216399193,0.37647059559822)},was_free=false,id="beam_v1_plain",cframe=CFrame.new(9.3828134536743,22.327392578125,-61.56888961792,1,0,0,0,1,0,0,0,1),no_value=true,scale=0.09},["f-3717"]={hash=2,colors={Color3.new(0.55294120311737,0.54509806632996,0.54509806632996)},was_free=false,id="floor_long1_wood",cframe=CFrame.new(23.080078125,32.250545501709,-56.6376953125,0,-1,0,1,0,-0,0,0,1),no_value=true,scale=0.3},["f-1747"]={hash=2,colors={Color3.new(0.74901962280273,0.678431391716,0.64313727617264)},was_free=false,id="rectangular_prism_half_brick",cframe=CFrame.new(-2.7630000114441,33.60595703125,-60.728130340576,0,0,-1,-1,0,0,0,1,0),no_value=true,scale=0.23},["f-3160"]={hash=2,colors={Color3.new(0.64313727617264,0.61960786581039,0.61960786581039)},was_free=false,id="trim_v1_top_plain",cframe=CFrame.new(13.10000038147,19,-61.256591796875,0,0,1,-1,0,0,0,-1,0),no_value=true,scale=0.4},["f-395"]={hash=2,colors={Color3.new(0.46274510025978,0.49803921580315,0.46274510025978)},was_free=false,id="smallplate",cframe=CFrame.new(66.544174194336,24.640581130981,-7.6799931526184,0.023857653141022,-0.81470537185669,0.57938408851624,0.011452466249466,-0.57928824424744,-0.81504219770432,0.9996497631073,0.026080369949341,-0.0044900178909302),no_value=true,scale=1.38},["f-2343"]={hash=2,colors={Color3.new(0.90196079015732,0.90196079015732,0.90196079015732)},was_free=false,id="floor_double_wood",cframe=CFrame.new(31.767383575439,13.292724609375,-94.00390625,1,0,0,0,1,0,0,0,1),no_value=true,scale=0.41},["f-1987"]={hash=2,colors={Color3.new(0.7294117808342,0.78823530673981,0.81960785388947)},was_free=false,id="smallbottle",cframe=CFrame.new(24.241445541382,27.941116333008,-63.943168640137,-0.44455099105835,-8.0732177593745e-05,0.89575392007828,0.0003741814289242,0.99999988079071,0.00027582887560129,-0.89575380086899,0.00045779428910464,-0.44455087184906),no_value=true,scale=3.26},["f-2635"]={hash=2,colors={Color3.new(0.42745098471642,0.38039216399193,0.37647059559822)},was_free=false,id="beam_v1_plain",cframe=CFrame.new(34.2942237854,21.010499954224,-52.810173034668,-4.7683715820312e-06,-0.99999535083771,-0.0030519380234182,-0.99999916553497,5.9604644775391e-07,0.001342857722193,-0.0013428493402898,0.0030519417487085,-0.99999451637268),no_value=true,scale=0.15},["f-3896"]={hash=2,colors={Color3.new(0.52156865596771,0.54901963472366,0.52156865596771),Color3.new(0.52156865596771,0.54901963472366,0.52156865596771),Color3.new(0.52156865596771,0.54901963472366,0.52156865596771),Color3.new(0.52156865596771,0.54901963472366,0.52156865596771),Color3.new(0.52156865596771,0.54901963472366,0.52156865596771),Color3.new(0.52156865596771,0.54901963472366,0.52156865596771)},was_free=false,id="reclaimed_2023_planter",cframe=CFrame.new(22.087890625,13.708029747009,-36.19873046875,0.70713424682617,0,0.70707929134369,0,1,0,-0.70707929134369,0,0.70713424682617),no_value=true,scale=0.43},["f-2614"]={hash=2,colors={Color3.new(0.69019609689713,0.70980393886566,0.6235294342041),Color3.new(0.69019609689713,0.70980393886566,0.6235294342041),Color3.new(0.69019609689713,0.70980393886566,0.6235294342041),Color3.new(0.69019609689713,0.70980393886566,0.6235294342041),Color3.new(0.69019609689713,0.70980393886566,0.6235294342041)},was_free=false,id="queenslander_rubber_tree",cframe=CFrame.new(-8.4050903320312,15.902587890625,-28.410900115967,-0.6346184015274,0,0.77282565832138,0,1,0,-0.77282565832138,0,-0.6346184015274),no_value=true,scale=0.46},["f-3608"]={hash=4,colors={Color3.new(0.52156865596771,0.54901963472366,0.52156865596771),Color3.new(0.52156865596771,0.54901963472366,0.52156865596771),Color3.new(0.52156865596771,0.54901963472366,0.52156865596771),Color3.new(0.52156865596771,0.54901963472366,0.52156865596771),Color3.new(0.52156865596771,0.54901963472366,0.52156865596771)},was_free=false,id="queenslander_rubber_tree",cframe=CFrame.new(14.365412712097,14.588213920593,-44.316017150879,-0.83480930328369,0.1429121941328,-0.53166735172272,-0.18224801123142,0.83953452110291,0.511827647686,0.51949954032898,0.52417367696762,-0.6748058795929),no_value=true,scale=0.46},["f-1318"]={hash=2,colors={Color3.new(0.64313727617264,0.61960786581039,0.61960786581039)},was_free=false,id="trim_v1_top_plain",cframe=CFrame.new(14.572998046875,29.740966796875,-61.109764099121,0,0,1,-1,0,0,0,-1,0),no_value=true,scale=0.4},["f-3381"]={hash=2,colors={Color3.new(0.39607843756676,0.41568627953529,0.43137255311012),Color3.new(0.63921570777893,0.63529413938522,0.64705884456635),Color3.new(0.97254902124405,0.97254902124405,0.97254902124405)},was_free=false,id="microwave",cframe=CFrame.new(30.088943481445,16.528076171875,-90.843223571777,-0.99939489364624,0,0.034782506525517,0,1,0,-0.034782506525517,0,-0.99939489364624),no_value=true,scale=0.64},["f-1889"]={hash=2,colors={Color3.new(0.42745098471642,0.38039216399193,0.37647059559822)},was_free=false,id="beam_v1_plain",cframe=CFrame.new(35.752937316895,23.171764373779,-52.259925842285,-4.7683715820312e-06,-0.99999535083771,-0.0030519380234182,-0.99999916553497,5.9604644775391e-07,0.001342857722193,-0.0013428493402898,0.0030519417487085,-0.99999451637268),no_value=true,scale=0.15},["f-1336"]={hash=2,colors={Color3.new(0.52156865596771,0.54901963472366,0.52156865596771),Color3.new(0.52156865596771,0.54901963472366,0.52156865596771),Color3.new(0.52156865596771,0.54901963472366,0.52156865596771),Color3.new(0.52156865596771,0.54901963472366,0.52156865596771),Color3.new(0.52156865596771,0.54901963472366,0.52156865596771)},was_free=false,id="queenslander_rubber_tree",cframe=CFrame.new(16.978424072266,15.040463447571,-44.065773010254,-0.41342806816101,0.90122103691101,0.12991733849049,0.90920007228851,0.40086740255356,0.1125200688839,0.049325790256262,0.16463974118233,-0.98512005805969),no_value=true,scale=0.46},["f-618"]={hash=2,colors={Color3.new(0.97647058963776,0.75686275959015,0.90196079015732)},was_free=false,id="bowl",cframe=CFrame.new(25.239349365234,33.347499847412,-63.543876647949,-0.65011835098267,0.74909520149231,0.12728914618492,0.080274790525436,0.23429805040359,-0.96884489059448,-0.75558066368103,-0.61964571475983,-0.21245503425598),no_value=true,scale=0.5},["f-3798"]={hash=2,colors={Color3.new(0.42745098471642,0.38039216399193,0.37647059559822)},was_free=false,id="beam_v1_plain",cframe=CFrame.new(37.316665649414,16.103759765625,-53.896713256836,-0.70348978042603,0,-0.71070593595505,0,1,0,0.71070593595505,0,-0.70348978042603),no_value=true,scale=0.15},["f-2049"]={hash=2,colors={Color3.new(0.43529412150383,0.52156865596771,0.43921568989754),Color3.new(0.43529412150383,0.52156865596771,0.43921568989754),Color3.new(0.43529412150383,0.52156865596771,0.43921568989754),Color3.new(0.43529412150383,0.52156865596771,0.43921568989754),Color3.new(0.43529412150383,0.52156865596771,0.43921568989754)},was_free=false,id="queenslander_rubber_tree",cframe=CFrame.new(6.2609457969666,19.42431640625,-86.676452636719,0.96592962741852,0,0.25880479812622,0,1,0,-0.25880479812622,0,0.96592962741852),no_value=true,scale=0.07},["f-2628"]={hash=2,colors={Color3.new(0.42745098471642,0.38039216399193,0.37647059559822)},was_free=false,id="trim_v1_top_plain",cframe=CFrame.new(38.526878356934,21.004878997803,-55.513725280762,0.70710694789886,0.70710664987564,-5.263090133667e-05,-6.0141086578369e-05,-1.4424324035645e-05,-1.0000001192093,-0.70710664987564,0.70710706710815,3.2246112823486e-05),no_value=true,scale=0.33},["f-172"]={hash=2,colors={Color3.new(0.82745099067688,0.79607844352722,0.73333334922791)},was_free=false,id="floor_double_wood",cframe=CFrame.new(23.574256896973,21.996826171875,-90.15771484375,1,0,0,0,0,-1,0,1,0),no_value=true,scale=0.11},["f-2749"]={hash=2,colors={Color3.new(0.57647061347961,0.6235294342041,0.57647061347961)},was_free=false,id="mound",cframe=CFrame.new(15,13.820087432861,4.5996088981628,0,0,-1,0,1,0,1,0,0),no_value=true,scale=0.25},["f-3385"]={hash=2,colors={Color3.new(0.70980393886566,0.678431391716,0.64705884456635)},was_free=false,id="rectangular_prism_half_brick",cframe=CFrame.new(9.0620002746582,48.368896484375,-55.064453125,0,0,-1,-1,0,0,0,1,0),no_value=true,scale=0.2},["f-3184"]={hash=2,colors={Color3.new(0.78823530673981,0.69803923368454,0.76470589637756)},was_free=false,id="torus_v3_plain",cframe=CFrame.new(32.665111541748,13.74560546875,-61.70703125,1,0,0,0,1,0,0,0,1),no_value=true,scale=0.12},["f-3701"]={hash=2,colors={Color3.new(0.87450981140137,0.87450981140137,0.87058824300766),Color3.new(0.57647061347961,0.61960786581039,0.64705884456635),Color3.new(0.60784316062927,0.61568629741669,0.66666668653488),Color3.new(0.63921570777893,0.63529413938522,0.64705884456635)},was_free=false,id="influencer_2022_standing_desk",cframe=CFrame.new(37.818359375,29.133056640625,-89.062004089355,0,0,-1,0,1,0,1,0,0),no_value=true,scale=1},["f-3534"]={hash=2,colors={Color3.new(0.64313727617264,0.61960786581039,0.61960786581039)},was_free=false,id="trim_v1_top_plain",cframe=CFrame.new(21.270950317383,29.77001953125,-92.583984375,0,0,-1,-1,0,0,0,1,0),no_value=true,scale=0.4},["f-3124"]={hash=2,colors={Color3.new(0.42745098471642,0.38039216399193,0.37647059559822)},was_free=false,id="beam_v1_plain",cframe=CFrame.new(9.3828649520874,22.327392578125,-60.6767578125,1,0,0,0,1,0,0,0,1),no_value=true,scale=0.09},["f-1122"]={hash=2,colors={Color3.new(0.42745098471642,0.38039216399193,0.37647059559822)},was_free=false,id="wall_double_plain",cframe=CFrame.new(29.670621871948,24.983737945557,-50.860855102539,0.99946933984756,-0.023966822773218,0.022060265764594,0.00026180874556303,0.68312448263168,0.73030191659927,-0.03257292509079,-0.72990864515305,0.68276822566986),no_value=true,scale=0.22},["f-2185"]={hash=2,colors={Color3.new(0.70980393886566,0.678431391716,0.64705884456635)},was_free=false,id="rectangular_prism_half_brick",cframe=CFrame.new(17.967998504639,28.423095703125,-60.93310546875,0,0,-1,-1,0,0,0,1,0),no_value=true,scale=0.23},["f-1976"]={hash=2,colors={Color3.new(0.31764706969261,0.20000000298023,0.2392156869173),Color3.new(0.98431372642517,0.839215695858,0.74117648601532)},was_free=false,id="tall_pumpkin",cframe=CFrame.new(28.700000762939,23.099853515625,-90.2001953125,0.8660072684288,0,0.5000314116478,0,1,0,-0.5000314116478,0,0.8660072684288),no_value=true,scale=0.23},["f-3990"]={hash=2,colors={Color3.new(0.70980393886566,0.678431391716,0.64705884456635)},was_free=false,id="rectangular_prism_half_brick",cframe=CFrame.new(15.184000015259,35.531982421875,-60.93310546875,0,0,-1,-1,0,0,0,1,0),no_value=true,scale=0.23},["f-3892"]={hash=2,colors={Color3.new(0.42745098471642,0.38039216399193,0.37647059559822)},was_free=false,id="beam_v1_plain",cframe=CFrame.new(33.6220703125,18.903713226318,-52.2626953125,-0.99999570846558,0,-0.002934945281595,0,1,0,0.002934945281595,0,-0.99999570846558),no_value=true,scale=0.15},["f-332"]={hash=2,colors={Color3.new(0.72549021244049,0.64705884456635,0.47843137383461)},was_free=false,id="plate",cframe=CFrame.new(7.4980449676514,22.846673965454,-74.259628295898,-0.00012886524200439,0.99999994039536,9.1820955276489e-05,-0.86604005098343,-6.568431854248e-05,-0.49997454881668,-0.49997451901436,-0.00014396011829376,0.86604011058807),no_value=true,scale=2.32},["f-2418"]={hash=4,colors={Color3.new(0.52156865596771,0.54901963472366,0.52156865596771),Color3.new(0.52156865596771,0.54901963472366,0.52156865596771),Color3.new(0.52156865596771,0.54901963472366,0.52156865596771),Color3.new(0.52156865596771,0.54901963472366,0.52156865596771),Color3.new(0.52156865596771,0.54901963472366,0.52156865596771)},was_free=false,id="queenslander_rubber_tree",cframe=CFrame.new(14.688407897949,13.746719360352,-44.254211425781,-0.95896077156067,0.17711180448532,0.22141839563847,0.0029939338564873,0.78718972206116,-0.61670368909836,-0.28352376818657,-0.59073156118393,-0.75541436672211),no_value=true,scale=0.46},["f-2332"]={hash=2,colors={Color3.new(0.97254902124405,0.97254902124405,0.97254902124405),Color3.new(0.97254902124405,0.97254902124405,0.97254902124405)},was_free=false,id="poofchair",cframe=CFrame.new(40.269775390625,13.567138671875,-55.985195159912,1,0,0,0,1,0,0,0,1),no_value=true,scale=1},["f-1785"]={hash=2,colors={Color3.new(0.86274510622025,0.839215695858,0.79215687513351)},was_free=false,id="wall_short_plain",cframe=CFrame.new(27.352125167847,23.10009765625,-91.14013671875,1,0,0,0,0,-1,0,1,0),no_value=true,scale=0.23},["f-2407"]={hash=2,colors={Color3.new(0.74901962280273,0.678431391716,0.64313727617264)},was_free=false,id="rectangular_prism_half_brick",cframe=CFrame.new(41.870998382568,38.820068359375,-54.912124633789,0,0,-1,-1,0,0,0,1,0),no_value=true,scale=0.23},["f-1423"]={hash=2,colors={Color3.new(0.38431373238564,0.33333334326744,0.30588236451149)},was_free=false,id="beam_v1_wood",cframe=CFrame.new(17.511278152466,17.586317062378,-17.028284072876,0.99939036369324,0.0012139938771725,0.034892179071903,-0.034482698887587,0.19079774618149,0.98102355003357,-0.0054663941264153,-0.98162865638733,0.19072329998016),no_value=true,scale=0.21},["f-946"]={hash=2,colors={Color3.new(0.42745098471642,0.38039216399193,0.37647059559822),Color3.new(0.52549022436142,0.47843137383461,0.4745098054409)},was_free=false,id="racehouse_2023_tire_wall_long",cframe=CFrame.new(8.8654308319092,54.556747436523,-59.792739868164,0.8194305896759,0.57281500101089,0.020405732095242,0.57306224107742,-0.81946182250977,-0.0090486062690616,0.011538542807102,0.019108459353447,-0.99975085258484),no_value=true,scale=0.71},["f-411"]={hash=2,colors={Color3.new(0.42745098471642,0.38039216399193,0.37647059559822),Color3.new(0.52549022436142,0.47843137383461,0.4745098054409)},was_free=false,id="racehouse_2023_tire_wall_long",cframe=CFrame.new(31.749042510986,60.395874023438,-61.98876953125,-0.86578381061554,-0.50041836500168,0,0.50041836500168,-0.86578381061554,0,0,0,1),no_value=true,scale=1.32},["f-1702"]={hash=2,colors={Color3.new(0.74901962280273,0.678431391716,0.64313727617264)},was_free=false,id="rectangular_prism_half_brick",cframe=CFrame.new(-5.7700610160828,33.036376953125,-86.828125,0,1,-0,-1,0,0,0,0,1),no_value=true,scale=0.5},["f-3096"]={hash=2,colors={Color3.new(0.86274510622025,0.839215695858,0.79215687513351)},was_free=false,id="wall_short_plain",cframe=CFrame.new(38.600883483887,24.015106201172,-85.26318359375,0,-1,-0,-1,0,-0,0,0,-1),no_value=true,scale=0.22},["f-2894"]={hash=2,colors={Color3.new(0.42745098471642,0.38039216399193,0.37647059559822)},was_free=false,id="beam_v1_plain",cframe=CFrame.new(24.983552932739,20.626708984375,-54.76135635376,-5.6028366088867e-06,-0.99999350309372,-0.0036012856289744,-0.99999934434891,1.4305114746094e-06,0.0011597430566326,-0.0011597303673625,0.003601289819926,-0.99999284744263),no_value=true,scale=0.15},["f-937"]={hash=2,colors={Color3.new(0.64313727617264,0.61960786581039,0.61960786581039)},was_free=false,id="trim_v1_top_plain",cframe=CFrame.new(37.021076202393,33.841064453125,-92.583984375,0,0,-1,-1,0,0,0,1,0),no_value=true,scale=0.4},["f-2320"]={hash=2,colors={Color3.new(0.90196079015732,0.8941176533699,0.86666667461395),Color3.new(0.90196079015732,0.8941176533699,0.86666667461395),Color3.new(0.90196079015732,0.8941176533699,0.86666667461395),Color3.new(0.90196079015732,0.8941176533699,0.86666667461395)},was_free=false,id="smallstylishtree",cframe=CFrame.new(56.438446044922,18.122037887573,-8.9059085845947,-0.74544608592987,0.35944738984108,-0.56134456396103,0.32990893721581,-0.53280568122864,-0.77928060293198,-0.5791979432106,-0.76610428094864,0.2785929441452),no_value=true,scale=0.2},["f-1961"]={hash=2,colors={Color3.new(0.74901962280273,0.678431391716,0.64313727617264)},was_free=false,id="rectangular_prism_half_brick",cframe=CFrame.new(6.3899998664856,31.984092712402,-60.93310546875,0,0,-1,-1,0,0,0,1,0),no_value=true,scale=0.23},["f-994"]={hash=2,colors={Color3.new(0.70980393886566,0.678431391716,0.64705884456635)},was_free=false,id="rectangular_prism_half_brick",cframe=CFrame.new(32.848999023438,53.0244140625,-54.984443664551,0,0,-1,-1,0,0,0,1,0),no_value=true,scale=0.21},["f-2037"]={hash=2,colors={Color3.new(0.43529412150383,0.52156865596771,0.43921568989754),Color3.new(0.43529412150383,0.52156865596771,0.43921568989754),Color3.new(0.43529412150383,0.52156865596771,0.43921568989754),Color3.new(0.43529412150383,0.52156865596771,0.43921568989754),Color3.new(0.43529412150383,0.52156865596771,0.43921568989754)},was_free=false,id="queenslander_rubber_tree",cframe=CFrame.new(-2.6003630161285,16.410799026489,-73.881637573242,0.29836493730545,0,0.95445185899734,0,1,0,-0.95445185899734,0,0.29836493730545),no_value=true,scale=0.14},["f-2861"]={hash=2,colors={Color3.new(0.38431373238564,0.43921568989754,0.36862745881081),Color3.new(0.38431373238564,0.43921568989754,0.36862745881081),Color3.new(0.38431373238564,0.43921568989754,0.36862745881081),Color3.new(0.38431373238564,0.43921568989754,0.36862745881081),Color3.new(0.38431373238564,0.43921568989754,0.36862745881081)},was_free=false,id="queenslander_rubber_tree",cframe=CFrame.new(32.020851135254,18.181722640991,-90.368133544922,-0.61107683181763,0.02859303355217,-0.79105460643768,-0.76286435127258,0.24541664123535,0.59817099571228,0.21124145388603,0.96899592876434,-0.12815582752228),no_value=true,scale=0.13},["f-1491"]={hash=2,colors={Color3.new(0.42745098471642,0.38039216399193,0.37647059559822)},was_free=false,id="trim_v1_top_plain",cframe=CFrame.new(24.795970916748,16.201904296875,-55.078857421875,0,0,-1,-1,0,0,0,1,0),no_value=true,scale=0.33},["f-1592"]={hash=2,colors={Color3.new(0.42745098471642,0.38039216399193,0.37647059559822)},was_free=false,id="trim_v1_top_plain",cframe=CFrame.new(10.999755859375,21.295999526978,-61.3701171875,1,0,-0,0,0,1,0,-1,0),no_value=true,scale=0.33},["f-152"]={hash=2,colors={Color3.new(0.52156865596771,0.54901963472366,0.52156865596771)},was_free=false,id="smallplate",cframe=CFrame.new(66.222991943359,25.562999725342,-11.555693626404,-0.57537364959717,-0.194206148386,0.79449927806854,-0.78507030010223,0.40355694293976,-0.46990039944649,-0.22936818003654,-0.89410614967346,-0.38466155529022),no_value=true,scale=1.38},["f-1845"]={hash=2,colors={Color3.new(0.42745098471642,0.38039216399193,0.37647059559822)},was_free=false,id="beam_v1_plain",cframe=CFrame.new(7.4738759994507,19.547607421875,-60.6767578125,1,0,0,0,-1,0,0,0,-1),no_value=true,scale=0.09},["f-3836"]={hash=2,colors={Color3.new(0.42745098471642,0.38039216399193,0.37647059559822)},was_free=false,id="beam_v1_plain",cframe=CFrame.new(29.54931640625,19.70972442627,-53.7998046875,-0.86765551567078,0,0.49716576933861,0,1,0,-0.49716576933861,0,-0.86765551567078),no_value=true,scale=0.15},["f-3694"]={hash=2,colors={Color3.new(0.38431373238564,0.43921568989754,0.36862745881081),Color3.new(0.38431373238564,0.43921568989754,0.36862745881081),Color3.new(0.38431373238564,0.43921568989754,0.36862745881081),Color3.new(0.38431373238564,0.43921568989754,0.36862745881081),Color3.new(0.38431373238564,0.43921568989754,0.36862745881081)},was_free=false,id="queenslander_rubber_tree",cframe=CFrame.new(10.870402336121,17.368730545044,-78.402084350586,-0.86186957359314,-0.34532621502876,-0.37139025330544,-0.37395867705345,-0.061891555786133,0.92537802457809,-0.34254321455956,0.93643969297409,-0.075795292854309),no_value=true,scale=0.22},["f-3161"]={hash=2,colors={Color3.new(0.38431373238564,0.33333334326744,0.30588236451149)},was_free=false,id="beam_v1_wood",cframe=CFrame.new(22.859231948853,15.741409301758,-27.178153991699,1,0,0,0,0.99984794855118,-0.017436387017369,0,0.017436387017369,0.99984794855118),no_value=true,scale=0.26},["f-515"]={hash=2,colors={Color3.new(0.42745098471642,0.38039216399193,0.37647059559822)},was_free=false,id="beam_v1_plain",cframe=CFrame.new(7.473876953125,24.424560546875,-61.56888961792,1,0,0,0,-1,0,0,0,-1),no_value=true,scale=0.09},["f-2548"]={hash=2,colors={Color3.new(0.52941179275513,0.65098041296005,0.63529413938522),Color3.new(0.52941179275513,0.65098041296005,0.63529413938522)},was_free=false,id="meme_2023_finish_line_checkered_rug",cframe=CFrame.new(39.092956542969,31.725341796875,-69.248046875,0,0,-1,0,1,0,1,0,0),no_value=true,scale=0.6},["f-2508"]={hash=2,colors={Color3.new(0.52156865596771,0.54901963472366,0.52156865596771)},was_free=false,id="smallplate",cframe=CFrame.new(62.083251953125,24.080942153931,-6.8988790512085,0.018468618392944,0.10912609100342,0.99385631084442,-0.67620098590851,0.73357397317886,-0.067981213331223,-0.7364856004715,-0.6707911491394,0.087339282035828),no_value=true,scale=1.38},["f-1042"]={hash=2,colors={Color3.new(0.90196079015732,0.90196079015732,0.90196079015732)},was_free=false,id="floor_double_wood",cframe=CFrame.new(31.223438262939,29.01806640625,-64.64111328125,1,0,0,0,1,0,0,0,1),no_value=true,scale=0.41},["f-3974"]={hash=2,colors={Color3.new(0.33333334326744,0.50980395078659,0.74117648601532),Color3.new(0.43529412150383,0.52156865596771,0.43921568989754),Color3.new(0.5137255191803,0.5686274766922,0.49803921580315),Color3.new(0.33725491166115,0.24705882370472,0.18823529779911),Color3.new(0.54509806632996,0.40392157435417,0.30588236451149)},was_free=false,id="queenslander_rubber_tree",cframe=CFrame.new(6.3960270881653,13.49658203125,-88.56428527832,0.86596256494522,-0,-0.50010883808136,0,1,-0,0.50010883808136,0,0.86596256494522),no_value=true,scale=0.79},["f-59"]={hash=2,colors={Color3.new(0.86666667461395,0.73333334922791,0.81960785388947),Color3.new(0.86666667461395,0.73333334922791,0.81960785388947),Color3.new(0.86666667461395,0.73333334922791,0.81960785388947),Color3.new(0.86666667461395,0.73333334922791,0.81960785388947),Color3.new(0.86666667461395,0.73333334922791,0.81960785388947)},was_free=false,id="queenslander_rubber_tree",cframe=CFrame.new(-15.773635864258,15.845947265625,-19.991697311401,0.99521732330322,-0,-0.09768583625555,0,1,-0,0.09768583625555,0,0.99521732330322),no_value=true,scale=0.22},["f-19"]={hash=2,colors={Color3.new(0.52156865596771,0.54901963472366,0.52156865596771)},was_free=false,id="smallplate",cframe=CFrame.new(65.314125061035,24.008239746094,-11.54407119751,0.018468618392944,0.10912609100342,0.99385631084442,-0.67620098590851,0.73357397317886,-0.067981213331223,-0.7364856004715,-0.6707911491394,0.087339282035828),no_value=true,scale=1.38},["f-99"]={hash=2,colors={Color3.new(0.52156865596771,0.54901963472366,0.52156865596771)},was_free=false,id="smallplate",cframe=CFrame.new(66.707321166992,25.455352783203,-10.00386428833,0.79861634969711,0,0.60184049606323,0,1,0,-0.60184049606323,0,0.79861634969711),no_value=true,scale=1.38},["f-644"]={hash=2,colors={Color3.new(0.42745098471642,0.38039216399193,0.37647059559822)},was_free=false,id="beam_v1_plain",cframe=CFrame.new(37.31689453125,21.327011108398,-53.896484375,-0.70348978042603,0,-0.71070593595505,0,1,0,0.71070593595505,0,-0.70348978042603),no_value=true,scale=0.15},["f-643"]={hash=2,colors={Color3.new(0.5137255191803,0.5686274766922,0.49803921580315),Color3.new(0.5137255191803,0.5686274766922,0.49803921580315),Color3.new(0.5137255191803,0.5686274766922,0.49803921580315),Color3.new(0.5137255191803,0.5686274766